function [nM3,ic3] = Kim_spec1_approx2_prodmom3_num_eval(arg) 
sigu_11 = arg(1); 
sigu_21 = arg(2); 
sigu_31 = arg(3); 
sigu_22 = arg(4); 
sigu_32 = arg(5); 
sigu_33 = arg(6); 
sigxf_11 = arg(7); 
sigxf_21 = arg(8); 
sigxf_22 = arg(9); 
nM3=zeros(561,1);
 nM3(4,1)= 2*sigu_11^2;  
 nM3(5,1)= 2*sigu_11*sigu_21;  
 nM3(6,1)= 2*sigu_11*sigu_31;  
 nM3(7,1)= 2*sigu_21^2;  
 nM3(8,1)= 2*sigu_21*sigu_31;  
 nM3(9,1)= 2*sigu_31^2;  
 nM3(18,1)= 2*sigu_11*sigu_21;  
 nM3(19,1)= sigu_11*sigu_22 + sigu_21^2;  
 nM3(20,1)= sigu_11*sigu_32 + sigu_21*sigu_31;  
 nM3(21,1)= 2*sigu_21*sigu_22;  
 nM3(22,1)= sigu_21*sigu_32 + sigu_22*sigu_31;  
 nM3(23,1)= 2*sigu_31*sigu_32;  
 nM3(29,1)= 2*sigu_11*sigu_31;  
 nM3(30,1)= sigu_11*sigu_32 + sigu_21*sigu_31;  
 nM3(31,1)= sigu_11*sigu_33 + sigu_31^2;  
 nM3(32,1)= 2*sigu_21*sigu_32;  
 nM3(33,1)= sigu_21*sigu_33 + sigu_31*sigu_32;  
 nM3(34,1)= 2*sigu_31*sigu_33;  
 nM3(114,1)= 2*sigu_21^2;  
 nM3(115,1)= 2*sigu_21*sigu_22;  
 nM3(116,1)= 2*sigu_21*sigu_32;  
 nM3(117,1)= 2*sigu_22^2;  
 nM3(118,1)= 2*sigu_22*sigu_32;  
 nM3(119,1)= 2*sigu_32^2;  
 nM3(125,1)= 2*sigu_21*sigu_31;  
 nM3(126,1)= sigu_21*sigu_32 + sigu_22*sigu_31;  
 nM3(127,1)= sigu_21*sigu_33 + sigu_31*sigu_32;  
 nM3(128,1)= 2*sigu_22*sigu_32;  
 nM3(129,1)= sigu_22*sigu_33 + sigu_32^2;  
 nM3(130,1)= 2*sigu_32*sigu_33;  
 nM3(188,1)= 2*sigu_31^2;  
 nM3(189,1)= 2*sigu_31*sigu_32;  
 nM3(190,1)= 2*sigu_31*sigu_33;  
 nM3(191,1)= 2*sigu_32^2;  
 nM3(192,1)= 2*sigu_32*sigu_33;  
 nM3(193,1)= 2*sigu_33^2;  
 nM3(232,1)= 8*sigu_11^3;  
 nM3(233,1)= 8*sigu_11^2*sigu_21;  
 nM3(234,1)= 8*sigu_11^2*sigu_31;  
 nM3(235,1)= 8*sigu_11*sigu_21^2;  
 nM3(236,1)= 8*sigu_11*sigu_21*sigu_31;  
 nM3(237,1)= 8*sigu_11*sigu_31^2;  
 nM3(244,1)= 2*sigu_11*(sigu_11*sigu_22 + 3*sigu_21^2);  
 nM3(245,1)= 2*sigu_11*(sigu_11*sigu_32 + 3*sigu_21*sigu_31);  
 nM3(246,1)= 4*sigu_21*(sigu_11*sigu_22 + sigu_21^2);  
 nM3(247,1)= 4*sigu_21^2*sigu_31 + 2*sigu_11*sigu_21*sigu_32 + 2*sigu_11*sigu_22*sigu_31;  
 nM3(248,1)= 4*sigu_31*(sigu_11*sigu_32 + sigu_21*sigu_31);  
 nM3(255,1)= 2*sigu_11*(sigu_11*sigu_33 + 3*sigu_31^2);  
 nM3(256,1)= 4*sigu_21*(sigu_11*sigu_32 + sigu_21*sigu_31);  
 nM3(257,1)= 4*sigu_21*sigu_31^2 + 2*sigu_11*sigu_21*sigu_33 + 2*sigu_11*sigu_31*sigu_32;  
 nM3(258,1)= 4*sigu_31*(sigu_11*sigu_33 + sigu_31^2);  
 nM3(265,1)= 8*sigu_21^2*sigu_22;  
 nM3(266,1)= 4*sigu_21*(sigu_21*sigu_32 + sigu_22*sigu_31);  
 nM3(267,1)= 8*sigu_21*sigu_31*sigu_32;  
 nM3(274,1)= 2*sigu_22*sigu_31^2 + 2*sigu_21^2*sigu_33 + 4*sigu_21*sigu_31*sigu_32;  
 nM3(275,1)= 4*sigu_31*(sigu_21*sigu_33 + sigu_31*sigu_32);  
 nM3(282,1)= 8*sigu_31^2*sigu_33;  
 nM3(289,1)= 2*sigu_11^2*sigxf_11;  
 nM3(290,1)= 2*sigu_11^2*sigxf_21;  
 nM3(291,1)= 2*sigu_11*sigu_21*sigxf_11;  
 nM3(292,1)= 2*sigu_11*sigu_21*sigxf_21;  
 nM3(293,1)= 2*sigu_11*sigu_31*sigxf_11;  
 nM3(294,1)= 2*sigu_11*sigu_31*sigxf_21;  
 nM3(295,1)= 2*sigu_11^2*sigxf_22;  
 nM3(296,1)= 2*sigu_11*sigu_21*sigxf_22;  
 nM3(297,1)= 2*sigu_11*sigu_31*sigxf_22;  
 nM3(298,1)= 2*sigu_21^2*sigxf_11;  
 nM3(299,1)= 2*sigu_21^2*sigxf_21;  
 nM3(300,1)= 2*sigu_21*sigu_31*sigxf_11;  
 nM3(301,1)= 2*sigu_21*sigu_31*sigxf_21;  
 nM3(302,1)= 2*sigu_21^2*sigxf_22;  
 nM3(303,1)= 2*sigu_21*sigu_31*sigxf_22;  
 nM3(304,1)= 2*sigu_31^2*sigxf_11;  
 nM3(305,1)= 2*sigu_31^2*sigxf_21;  
 nM3(306,1)= 2*sigu_31^2*sigxf_22;  
 nM3(307,1)= 2*sigu_21*(3*sigu_11*sigu_22 + sigu_21^2);  
 nM3(308,1)= 2*sigu_21^2*sigu_31 + 4*sigu_11*sigu_21*sigu_32 + 2*sigu_11*sigu_22*sigu_31;  
 nM3(309,1)= 2*sigu_22*(sigu_11*sigu_22 + 3*sigu_21^2);  
 nM3(310,1)= 2*sigu_21^2*sigu_32 + 2*sigu_11*sigu_22*sigu_32 + 4*sigu_21*sigu_22*sigu_31;  
 nM3(311,1)= 2*sigu_11*sigu_32^2 + 2*sigu_22*sigu_31^2 + 4*sigu_21*sigu_31*sigu_32;  
 nM3(318,1)= 2*sigu_21*sigu_31^2 + 2*sigu_11*sigu_21*sigu_33 + 4*sigu_11*sigu_31*sigu_32;  
 nM3(319,1)= 4*sigu_21^2*sigu_32 + 2*sigu_11*sigu_22*sigu_32 + 2*sigu_21*sigu_22*sigu_31;  
 nM3(320,1)= sigu_11*sigu_32^2 + sigu_22*sigu_31^2 + sigu_21^2*sigu_33 + sigu_11*sigu_22*sigu_33 + 4*sigu_21*sigu_31*sigu_32;  
 nM3(321,1)= 4*sigu_31^2*sigu_32 + 2*sigu_11*sigu_32*sigu_33 + 2*sigu_21*sigu_31*sigu_33;  
 nM3(328,1)= 8*sigu_21*sigu_22^2;  
 nM3(329,1)= 2*sigu_22*(3*sigu_21*sigu_32 + sigu_22*sigu_31);  
 nM3(330,1)= 4*sigu_32*(sigu_21*sigu_32 + sigu_22*sigu_31);  
 nM3(337,1)= 2*sigu_21*sigu_32^2 + 2*sigu_21*sigu_22*sigu_33 + 4*sigu_22*sigu_31*sigu_32;  
 nM3(338,1)= 4*sigu_31*sigu_32^2 + 2*sigu_21*sigu_32*sigu_33 + 2*sigu_22*sigu_31*sigu_33;  
 nM3(345,1)= 8*sigu_31*sigu_32*sigu_33;  
 nM3(352,1)= 2*sigu_11*sigu_21*sigxf_11;  
 nM3(353,1)= 2*sigu_11*sigu_21*sigxf_21;  
 nM3(354,1)= sigxf_11*(sigu_11*sigu_22 + sigu_21^2);  
 nM3(355,1)= sigxf_21*(sigu_11*sigu_22 + sigu_21^2);  
 nM3(356,1)= sigxf_11*(sigu_11*sigu_32 + sigu_21*sigu_31);  
 nM3(357,1)= sigxf_21*(sigu_11*sigu_32 + sigu_21*sigu_31);  
 nM3(358,1)= 2*sigu_11*sigu_21*sigxf_22;  
 nM3(359,1)= sigxf_22*(sigu_11*sigu_22 + sigu_21^2);  
 nM3(360,1)= sigxf_22*(sigu_11*sigu_32 + sigu_21*sigu_31);  
 nM3(361,1)= 2*sigu_21*sigu_22*sigxf_11;  
 nM3(362,1)= 2*sigu_21*sigu_22*sigxf_21;  
 nM3(363,1)= sigxf_11*(sigu_21*sigu_32 + sigu_22*sigu_31);  
 nM3(364,1)= sigxf_21*(sigu_21*sigu_32 + sigu_22*sigu_31);  
 nM3(365,1)= 2*sigu_21*sigu_22*sigxf_22;  
 nM3(366,1)= sigxf_22*(sigu_21*sigu_32 + sigu_22*sigu_31);  
 nM3(367,1)= 2*sigu_31*sigu_32*sigxf_11;  
 nM3(368,1)= 2*sigu_31*sigu_32*sigxf_21;  
 nM3(369,1)= 2*sigu_31*sigu_32*sigxf_22;  
 nM3(370,1)= 2*sigu_31*(3*sigu_11*sigu_33 + sigu_31^2);  
 nM3(371,1)= 2*sigu_11*sigu_32^2 + 2*sigu_21^2*sigu_33 + 4*sigu_21*sigu_31*sigu_32;  
 nM3(372,1)= 2*sigu_31^2*sigu_32 + 2*sigu_11*sigu_32*sigu_33 + 4*sigu_21*sigu_31*sigu_33;  
 nM3(373,1)= 2*sigu_33*(sigu_11*sigu_33 + 3*sigu_31^2);  
 nM3(380,1)= 8*sigu_21*sigu_22*sigu_32;  
 nM3(381,1)= 4*sigu_21*sigu_32^2 + 2*sigu_21*sigu_22*sigu_33 + 2*sigu_22*sigu_31*sigu_32;  
 nM3(382,1)= 4*sigu_32*(sigu_21*sigu_33 + sigu_31*sigu_32);  
 nM3(389,1)= 2*sigu_31*sigu_32^2 + 4*sigu_21*sigu_32*sigu_33 + 2*sigu_22*sigu_31*sigu_33;  
 nM3(390,1)= 2*sigu_33*(sigu_21*sigu_33 + 3*sigu_31*sigu_32);  
 nM3(397,1)= 8*sigu_31*sigu_33^2;  
 nM3(404,1)= 2*sigu_11*sigu_31*sigxf_11;  
 nM3(405,1)= 2*sigu_11*sigu_31*sigxf_21;  
 nM3(406,1)= sigxf_11*(sigu_11*sigu_32 + sigu_21*sigu_31);  
 nM3(407,1)= sigxf_21*(sigu_11*sigu_32 + sigu_21*sigu_31);  
 nM3(408,1)= sigxf_11*(sigu_11*sigu_33 + sigu_31^2);  
 nM3(409,1)= sigxf_21*(sigu_11*sigu_33 + sigu_31^2);  
 nM3(410,1)= 2*sigu_11*sigu_31*sigxf_22;  
 nM3(411,1)= sigxf_22*(sigu_11*sigu_32 + sigu_21*sigu_31);  
 nM3(412,1)= sigxf_22*(sigu_11*sigu_33 + sigu_31^2);  
 nM3(413,1)= 2*sigu_21*sigu_32*sigxf_11;  
 nM3(414,1)= 2*sigu_21*sigu_32*sigxf_21;  
 nM3(415,1)= sigxf_11*(sigu_21*sigu_33 + sigu_31*sigu_32);  
 nM3(416,1)= sigxf_21*(sigu_21*sigu_33 + sigu_31*sigu_32);  
 nM3(417,1)= 2*sigu_21*sigu_32*sigxf_22;  
 nM3(418,1)= sigxf_22*(sigu_21*sigu_33 + sigu_31*sigu_32);  
 nM3(419,1)= 2*sigu_31*sigu_33*sigxf_11;  
 nM3(420,1)= 2*sigu_31*sigu_33*sigxf_21;  
 nM3(421,1)= 2*sigu_31*sigu_33*sigxf_22;  
 nM3(422,1)= 8*sigu_22^3;  
 nM3(423,1)= 8*sigu_22^2*sigu_32;  
 nM3(424,1)= 8*sigu_22*sigu_32^2;  
 nM3(431,1)= 2*sigu_22*(sigu_22*sigu_33 + 3*sigu_32^2);  
 nM3(432,1)= 4*sigu_32*(sigu_22*sigu_33 + sigu_32^2);  
 nM3(439,1)= 8*sigu_32^2*sigu_33;  
 nM3(446,1)= 2*sigu_21^2*sigxf_11;  
 nM3(447,1)= 2*sigu_21^2*sigxf_21;  
 nM3(448,1)= 2*sigu_21*sigu_22*sigxf_11;  
 nM3(449,1)= 2*sigu_21*sigu_22*sigxf_21;  
 nM3(450,1)= 2*sigu_21*sigu_32*sigxf_11;  
 nM3(451,1)= 2*sigu_21*sigu_32*sigxf_21;  
 nM3(452,1)= 2*sigu_21^2*sigxf_22;  
 nM3(453,1)= 2*sigu_21*sigu_22*sigxf_22;  
 nM3(454,1)= 2*sigu_21*sigu_32*sigxf_22;  
 nM3(455,1)= 2*sigu_22^2*sigxf_11;  
 nM3(456,1)= 2*sigu_22^2*sigxf_21;  
 nM3(457,1)= 2*sigu_22*sigu_32*sigxf_11;  
 nM3(458,1)= 2*sigu_22*sigu_32*sigxf_21;  
 nM3(459,1)= 2*sigu_22^2*sigxf_22;  
 nM3(460,1)= 2*sigu_22*sigu_32*sigxf_22;  
 nM3(461,1)= 2*sigu_32^2*sigxf_11;  
