function [nM3,ic3] = AnSchorfheide_spec0_approx1_prodmom3_num_eval(arg) 
sigu_11 = arg(1); 
sigu_21 = arg(2); 
sigu_31 = arg(3); 
sigu_22 = arg(4); 
sigu_32 = arg(5); 
sigu_33 = arg(6); 
sigxf_11 = arg(7); 
sigxf_21 = arg(8); 
sigxf_31 = arg(9); 
sigxf_41 = arg(10); 
sigxf_22 = arg(11); 
sigxf_32 = arg(12); 
sigxf_42 = arg(13); 
sigxf_33 = arg(14); 
sigxf_43 = arg(15); 
sigxf_44 = arg(16); 
nM3=zeros(1261,1);
 nM3(4,1)= 2*sigu_11^2;  
 nM3(5,1)= 2*sigu_11*sigu_21;  
 nM3(6,1)= 2*sigu_11*sigu_31;  
 nM3(7,1)= 2*sigu_21^2;  
 nM3(8,1)= 2*sigu_21*sigu_31;  
 nM3(9,1)= 2*sigu_31^2;  
 nM3(24,1)= 2*sigu_11*sigu_21;  
 nM3(25,1)= sigu_11*sigu_22 + sigu_21^2;  
 nM3(26,1)= sigu_11*sigu_32 + sigu_21*sigu_31;  
 nM3(27,1)= 2*sigu_21*sigu_22;  
 nM3(28,1)= sigu_21*sigu_32 + sigu_22*sigu_31;  
 nM3(29,1)= 2*sigu_31*sigu_32;  
 nM3(39,1)= 2*sigu_11*sigu_31;  
 nM3(40,1)= sigu_11*sigu_32 + sigu_21*sigu_31;  
 nM3(41,1)= sigu_11*sigu_33 + sigu_31^2;  
 nM3(42,1)= 2*sigu_21*sigu_32;  
 nM3(43,1)= sigu_21*sigu_33 + sigu_31*sigu_32;  
 nM3(44,1)= 2*sigu_31*sigu_33;  
 nM3(204,1)= 2*sigu_21^2;  
 nM3(205,1)= 2*sigu_21*sigu_22;  
 nM3(206,1)= 2*sigu_21*sigu_32;  
 nM3(207,1)= 2*sigu_22^2;  
 nM3(208,1)= 2*sigu_22*sigu_32;  
 nM3(209,1)= 2*sigu_32^2;  
 nM3(219,1)= 2*sigu_21*sigu_31;  
 nM3(220,1)= sigu_21*sigu_32 + sigu_22*sigu_31;  
 nM3(221,1)= sigu_21*sigu_33 + sigu_31*sigu_32;  
 nM3(222,1)= 2*sigu_22*sigu_32;  
 nM3(223,1)= sigu_22*sigu_33 + sigu_32^2;  
 nM3(224,1)= 2*sigu_32*sigu_33;  
 nM3(329,1)= 2*sigu_31^2;  
 nM3(330,1)= 2*sigu_31*sigu_32;  
 nM3(331,1)= 2*sigu_31*sigu_33;  
 nM3(332,1)= 2*sigu_32^2;  
 nM3(333,1)= 2*sigu_32*sigu_33;  
 nM3(334,1)= 2*sigu_33^2;  
 nM3(394,1)= 8*sigu_11^3;  
 nM3(395,1)= 8*sigu_11^2*sigu_21;  
 nM3(396,1)= 8*sigu_11^2*sigu_31;  
 nM3(397,1)= 8*sigu_11*sigu_21^2;  
 nM3(398,1)= 8*sigu_11*sigu_21*sigu_31;  
 nM3(399,1)= 8*sigu_11*sigu_31^2;  
 nM3(412,1)= 2*sigu_11*(sigu_11*sigu_22 + 3*sigu_21^2);  
 nM3(413,1)= 2*sigu_11*(sigu_11*sigu_32 + 3*sigu_21*sigu_31);  
 nM3(414,1)= 4*sigu_21*(sigu_11*sigu_22 + sigu_21^2);  
 nM3(415,1)= 4*sigu_21^2*sigu_31 + 2*sigu_11*sigu_21*sigu_32 + 2*sigu_11*sigu_22*sigu_31;  
 nM3(416,1)= 4*sigu_31*(sigu_11*sigu_32 + sigu_21*sigu_31);  
 nM3(429,1)= 2*sigu_11*(sigu_11*sigu_33 + 3*sigu_31^2);  
 nM3(430,1)= 4*sigu_21*(sigu_11*sigu_32 + sigu_21*sigu_31);  
 nM3(431,1)= 4*sigu_21*sigu_31^2 + 2*sigu_11*sigu_21*sigu_33 + 2*sigu_11*sigu_31*sigu_32;  
 nM3(432,1)= 4*sigu_31*(sigu_11*sigu_33 + sigu_31^2);  
 nM3(445,1)= 8*sigu_21^2*sigu_22;  
 nM3(446,1)= 4*sigu_21*(sigu_21*sigu_32 + sigu_22*sigu_31);  
 nM3(447,1)= 8*sigu_21*sigu_31*sigu_32;  
 nM3(460,1)= 2*sigu_22*sigu_31^2 + 2*sigu_21^2*sigu_33 + 4*sigu_21*sigu_31*sigu_32;  
 nM3(461,1)= 4*sigu_31*(sigu_21*sigu_33 + sigu_31*sigu_32);  
 nM3(474,1)= 8*sigu_31^2*sigu_33;  
 nM3(487,1)= 2*sigu_11^2*sigxf_11;  
 nM3(488,1)= 2*sigu_11^2*sigxf_21;  
 nM3(489,1)= 2*sigu_11^2*sigxf_31;  
 nM3(490,1)= 2*sigu_11^2*sigxf_41;  
 nM3(491,1)= 2*sigu_11*sigu_21*sigxf_11;  
 nM3(492,1)= 2*sigu_11*sigu_21*sigxf_21;  
 nM3(493,1)= 2*sigu_11*sigu_21*sigxf_31;  
 nM3(494,1)= 2*sigu_11*sigu_21*sigxf_41;  
 nM3(495,1)= 2*sigu_11*sigu_31*sigxf_11;  
 nM3(496,1)= 2*sigu_11*sigu_31*sigxf_21;  
 nM3(497,1)= 2*sigu_11*sigu_31*sigxf_31;  
 nM3(498,1)= 2*sigu_11*sigu_31*sigxf_41;  
 nM3(499,1)= 2*sigu_11^2*sigxf_22;  
 nM3(500,1)= 2*sigu_11^2*sigxf_32;  
 nM3(501,1)= 2*sigu_11^2*sigxf_42;  
 nM3(502,1)= 2*sigu_11*sigu_21*sigxf_22;  
 nM3(503,1)= 2*sigu_11*sigu_21*sigxf_32;  
 nM3(504,1)= 2*sigu_11*sigu_21*sigxf_42;  
 nM3(505,1)= 2*sigu_11*sigu_31*sigxf_22;  
 nM3(506,1)= 2*sigu_11*sigu_31*sigxf_32;  
 nM3(507,1)= 2*sigu_11*sigu_31*sigxf_42;  
 nM3(508,1)= 2*sigu_11^2*sigxf_33;  
 nM3(509,1)= 2*sigu_11^2*sigxf_43;  
 nM3(510,1)= 2*sigu_11*sigu_21*sigxf_33;  
 nM3(511,1)= 2*sigu_11*sigu_21*sigxf_43;  
 nM3(512,1)= 2*sigu_11*sigu_31*sigxf_33;  
 nM3(513,1)= 2*sigu_11*sigu_31*sigxf_43;  
 nM3(514,1)= 2*sigu_11^2*sigxf_44;  
 nM3(515,1)= 2*sigu_11*sigu_21*sigxf_44;  
 nM3(516,1)= 2*sigu_11*sigu_31*sigxf_44;  
 nM3(517,1)= 2*sigu_21^2*sigxf_11;  
 nM3(518,1)= 2*sigu_21^2*sigxf_21;  
 nM3(519,1)= 2*sigu_21^2*sigxf_31;  
 nM3(520,1)= 2*sigu_21^2*sigxf_41;  
 nM3(521,1)= 2*sigu_21*sigu_31*sigxf_11;  
 nM3(522,1)= 2*sigu_21*sigu_31*sigxf_21;  
 nM3(523,1)= 2*sigu_21*sigu_31*sigxf_31;  
 nM3(524,1)= 2*sigu_21*sigu_31*sigxf_41;  
 nM3(525,1)= 2*sigu_21^2*sigxf_22;  
 nM3(526,1)= 2*sigu_21^2*sigxf_32;  
 nM3(527,1)= 2*sigu_21^2*sigxf_42;  
 nM3(528,1)= 2*sigu_21*sigu_31*sigxf_22;  
 nM3(529,1)= 2*sigu_21*sigu_31*sigxf_32;  
 nM3(530,1)= 2*sigu_21*sigu_31*sigxf_42;  
 nM3(531,1)= 2*sigu_21^2*sigxf_33;  
 nM3(532,1)= 2*sigu_21^2*sigxf_43;  
 nM3(533,1)= 2*sigu_21*sigu_31*sigxf_33;  
 nM3(534,1)= 2*sigu_21*sigu_31*sigxf_43;  
 nM3(535,1)= 2*sigu_21^2*sigxf_44;  
 nM3(536,1)= 2*sigu_21*sigu_31*sigxf_44;  
 nM3(537,1)= 2*sigu_31^2*sigxf_11;  
 nM3(538,1)= 2*sigu_31^2*sigxf_21;  
 nM3(539,1)= 2*sigu_31^2*sigxf_31;  
 nM3(540,1)= 2*sigu_31^2*sigxf_41;  
 nM3(541,1)= 2*sigu_31^2*sigxf_22;  
 nM3(542,1)= 2*sigu_31^2*sigxf_32;  
 nM3(543,1)= 2*sigu_31^2*sigxf_42;  
 nM3(544,1)= 2*sigu_31^2*sigxf_33;  
 nM3(545,1)= 2*sigu_31^2*sigxf_43;  
 nM3(546,1)= 2*sigu_31^2*sigxf_44;  
 nM3(547,1)= 2*sigu_21*(3*sigu_11*sigu_22 + sigu_21^2);  
 nM3(548,1)= 2*sigu_21^2*sigu_31 + 4*sigu_11*sigu_21*sigu_32 + 2*sigu_11*sigu_22*sigu_31;  
 nM3(549,1)= 2*sigu_22*(sigu_11*sigu_22 + 3*sigu_21^2);  
 nM3(550,1)= 2*sigu_21^2*sigu_32 + 2*sigu_11*sigu_22*sigu_32 + 4*sigu_21*sigu_22*sigu_31;  
 nM3(551,1)= 2*sigu_11*sigu_32^2 + 2*sigu_22*sigu_31^2 + 4*sigu_21*sigu_31*sigu_32;  
 nM3(564,1)= 2*sigu_21*sigu_31^2 + 2*sigu_11*sigu_21*sigu_33 + 4*sigu_11*sigu_31*sigu_32;  
 nM3(565,1)= 4*sigu_21^2*sigu_32 + 2*sigu_11*sigu_22*sigu_32 + 2*sigu_21*sigu_22*sigu_31;  
 nM3(566,1)= sigu_11*sigu_32^2 + sigu_22*sigu_31^2 + sigu_21^2*sigu_33 + sigu_11*sigu_22*sigu_33 + 4*sigu_21*sigu_31*sigu_32;  
 nM3(567,1)= 4*sigu_31^2*sigu_32 + 2*sigu_11*sigu_32*sigu_33 + 2*sigu_21*sigu_31*sigu_33;  
 nM3(580,1)= 8*sigu_21*sigu_22^2;  
 nM3(581,1)= 2*sigu_22*(3*sigu_21*sigu_32 + sigu_22*sigu_31);  
 nM3(582,1)= 4*sigu_32*(sigu_21*sigu_32 + sigu_22*sigu_31);  
 nM3(595,1)= 2*sigu_21*sigu_32^2 + 2*sigu_21*sigu_22*sigu_33 + 4*sigu_22*sigu_31*sigu_32;  
 nM3(596,1)= 4*sigu_31*sigu_32^2 + 2*sigu_21*sigu_32*sigu_33 + 2*sigu_22*sigu_31*sigu_33;  
 nM3(609,1)= 8*sigu_31*sigu_32*sigu_33;  
 nM3(622,1)= 2*sigu_11*sigu_21*sigxf_11;  
 nM3(623,1)= 2*sigu_11*sigu_21*sigxf_21;  
 nM3(624,1)= 2*sigu_11*sigu_21*sigxf_31;  
 nM3(625,1)= 2*sigu_11*sigu_21*sigxf_41;  
 nM3(626,1)= sigxf_11*(sigu_11*sigu_22 + sigu_21^2);  
 nM3(627,1)= sigxf_21*(sigu_11*sigu_22 + sigu_21^2);  
 nM3(628,1)= sigxf_31*(sigu_11*sigu_22 + sigu_21^2);  
 nM3(629,1)= sigxf_41*(sigu_11*sigu_22 + sigu_21^2);  
 nM3(630,1)= sigxf_11*(sigu_11*sigu_32 + sigu_21*sigu_31);  
 nM3(631,1)= sigxf_21*(sigu_11*sigu_32 + sigu_21*sigu_31);  
 nM3(632,1)= sigxf_31*(sigu_11*sigu_32 + sigu_21*sigu_31);  
 nM3(633,1)= sigxf_41*(sigu_11*sigu_32 + sigu_21*sigu_31);  
 nM3(634,1)= 2*sigu_11*sigu_21*sigxf_22;  
 nM3(635,1)= 2*sigu_11*sigu_21*sigxf_32;  
 nM3(636,1)= 2*sigu_11*sigu_21*sigxf_42;  
 nM3(637,1)= sigxf_22*(sigu_11*sigu_22 + sigu_21^2);  
 nM3(638,1)= sigxf_32*(sigu_11*sigu_22 + sigu_21^2);  
 nM3(639,1)= sigxf_42*(sigu_11*sigu_22 + sigu_21^2);  
 nM3(640,1)= sigxf_22*(sigu_11*sigu_32 + sigu_21*sigu_31);  
 nM3(641,1)= sigxf_32*(sigu_11*sigu_32 + sigu_21*sigu_31);  
 nM3(642,1)= sigxf_42*(sigu_11*sigu_32 + sigu_21*sigu_31);  
 nM3(643,1)= 2*sigu_11*sigu_21*sigxf_33;  
 nM3(644,1)= 2*sigu_11*sigu_21*sigxf_43;  
 nM3(645,1)= sigxf_33*(sigu_11*sigu_22 + sigu_21^2);  
 nM3(646,1)= sigxf_43*(sigu_11*sigu_22 + sigu_21^2);  
 nM3(647,1)= sigxf_33*(sigu_11*sigu_32 + sigu_21*sigu_31);  
 nM3(648,1)= sigxf_43*(sigu_11*sigu_32 + sigu_21*sigu_31);  
 nM3(649,1)= 2*sigu_11*sigu_21*sigxf_44;  
 nM3(650,1)= sigxf_44*(sigu_11*sigu_22 + sigu_21^2);  
 nM3(651,1)= sigxf_44*(sigu_11*sigu_32 + sigu_21*sigu_31);  
